=== ARIMA Forecast ===
Model: ARIMA(2,1,2)(1,0,0)[12]

         Point Forecast    Lo 80    Hi 80    Lo 95    Hi 95
Jul 2022       21243066 18769359 23716774 17459858 25026275
Aug 2022       21686270 17900897 25471643 15897042 27475498
Sep 2022       20551655 16055555 25047754 13675464 27427845
Oct 2022       21140749 16093918 26187581 13422286 28859212
Nov 2022       22144733 16413237 27876229 13379167 30910300
Dec 2022       22424047 16112920 28735174 12772011 32076082
Jan 2023       21920404 15195760 28645048 11635948 32204859
Feb 2023       21691326 14508608 28874044 10706306 32676345
Mar 2023       22006881 14332756 29681007 10270320 33743443
Apr 2023       21871205 13813739 29928672  9548374 34194036
May 2023       22317196 13905475 30728917  9452579 35181814
Jun 2023       22561159 13745475 31376844  9078734 36043585
